  1.9750627e-001  3.9663940e-001  5.9546786e-001  7.9174397e-001  9.8751544e-001  1.1791181e+000  1.3338533e+000  1.3661651e+000
  1.9683773e-001  3.9573872e-001  5.9415213e-001  7.8998182e-001  9.8473658e-001  1.1742991e+000  1.3237567e+000  1.3508426e+000
  1.9603779e-001  3.9462938e-001  5.9249280e-001  7.8772335e-001  9.8130336e-001  1.1687830e+000  1.3128984e+000  1.3346730e+000
  1.9511621e-001  3.9336378e-001  5.9048453e-001  7.8501917e-001  9.7724507e-001  1.1625372e+000  1.3012188e+000  1.3177584e+000
  1.9411827e-001  3.9185135e-001  5.8812200e-001  7.8182311e-001  9.7259724e-001  1.1555890e+000  1.2887605e+000  1.3000786e+000
  1.9299159e-001  3.9006457e-001  5.8540788e-001  7.7813872e-001  9.6739626e-001  1.1479270e+000  1.2755279e+000  1.2815721e+000
  1.9170687e-001  3.8799012e-001  5.8236613e-001  7.7393049e-001  9.6168299e-001  1.1395680e+000  1.2615079e+000  1.2622665e+000
  1.9028364e-001  3.8564576e-001  5.7895681e-001  7.6923659e-001  9.5538372e-001  1.1305041e+000  1.2466896e+000  1.2421486e+000
  1.8873078e-001  3.8306878e-001  5.7513906e-001  7.6416002e-001  9.4842831e-001  1.1207503e+000  1.2310758e+000  1.2212395e+000
  1.8708736e-001  3.8022365e-001  5.7091378e-001  7.5862086e-001  9.4090644e-001  1.1103856e+000  1.2147118e+000  1.1994950e+000
  1.8533118e-001  3.7713437e-001  5.6634490e-001  7.5259694e-001  9.3286162e-001  1.0994189e+000  1.1975389e+000  1.1769798e+000
  1.8348533e-001  3.7386040e-001  5.6145283e-001  7.4609800e-001  9.2427076e-001  1.0877366e+000  1.1795811e+000  1.1537374e+000
  1.8151606e-001  3.7035737e-001  5.5621982e-001  7.3912316e-001  9.1508502e-001  1.0752988e+000  1.1609006e+000  1.1297546e+000
  1.7937810e-001  3.6655246e-001  5.5066540e-001  7.3166621e-001  9.0529198e-001  1.0621959e+000  1.1414593e+000  1.1050828e+000
  1.7716111e-001  3.6255488e-001  5.4472298e-001  7.2377775e-001  8.9496533e-001  1.0484848e+000  1.1212774e+000  1.0797130e+000
  1.7488464e-001  3.5837440e-001  5.3844760e-001  7.1547732e-001  8.8406068e-001  1.0341159e+000  1.1004349e+000  1.0536792e+000
  1.7247410e-001  3.5393467e-001  5.3189522e-001  7.0668324e-001  8.7259489e-001  1.0190570e+000  1.0788955e+000  1.0270274e+000
  1.6991884e-001  3.4928007e-001  5.2494950e-001  6.9742569e-001  8.6059105e-001  1.0033545e+000  1.0566120e+000  9.9969375e-001
  1.6732007e-001  3.4443546e-001  5.1767173e-001  6.8775439e-001  8.4802786e-001  9.8703039e-001  1.0336573e+000  9.7167553e-001
  1.6464672e-001  3.3935379e-001  5.1015511e-001  6.7771107e-001  8.3495947e-001  9.7009015e-001  1.0100278e+000  9.4301982e-001
  1.6180734e-001  3.3404394e-001  5.0228513e-001  6.6728064e-001  8.2138588e-001  9.5257456e-001  9.8583546e-001  9.1379321e-001
  1.5879571e-001  3.2854675e-001  4.9398630e-001  6.5640184e-001  8.0732662e-001  9.3447298e-001  9.6104198e-001  8.8400281e-001
  1.5566155e-001  3.2285778e-001  4.8536251e-001  6.4507555e-001  7.9277460e-001  9.1572236e-001  9.3557372e-001  8.5361042e-001
  1.5249011e-001  3.1696460e-001  4.7648745e-001  6.3337902e-001  7.7768275e-001  8.9634935e-001  9.0952569e-001  8.2265158e-001
  1.4927249e-001  3.1087786e-001  4.6733538e-001  6.2130958e-001  7.6206439e-001  8.7643740e-001  8.8288101e-001  7.9113959e-001
  1.4596609e-001  3.0460024e-001  4.5789564e-001  6.0876247e-001  7.4597991e-001  8.5599717e-001  8.5565921e-001  7.5915881e-001
  1.4257357e-001  2.9813527e-001  4.4817089e-001  5.9581227e-001  7.2945326e-001  8.3504198e-001  8.2787184e-001  7.2674386e-001
  1.3908782e-001  2.9146520e-001  4.3813717e-001  5.8253533e-001  7.1248179e-001  8.1356294e-001  7.9952955e-001  6.9386721e-001
  1.3554080e-001  2.8459625e-001  4.2783708e-001  5.6889702e-001  6.9506639e-001  7.9152898e-001  7.7069271e-001  6.6051734e-001
  1.3192453e-001  2.7757370e-001  4.1730171e-001  5.5487694e-001  6.7716976e-001  7.6896230e-001  7.4137288e-001  6.2670310e-001
  1.2818396e-001  2.7040553e-001  4.0648488e-001  5.4050880e-001  6.5882919e-001  7.4585136e-001  7.1157359e-001  5.9251508e-001
  1.2430755e-001  2.6304737e-001  3.9543543e-001  5.2582903e-001  6.4004647e-001  7.2223521e-001  6.8126556e-001  5.5795148e-001
  1.2037609e-001  2.5548588e-001  3.8412228e-001  5.1079144e-001  6.2088107e-001  6.9816892e-001  6.5053490e-001  5.2303451e-001
  1.1637892e-001  2.4773882e-001  3.7252502e-001  4.9542978e-001  6.0134632e-001  6.7366313e-001  6.1943932e-001  4.8779436e-001
  1.1231073e-001  2.3981775e-001  3.6069513e-001  4.7977513e-001  5.8141203e-001  6.4878622e-001  5.8791935e-001  4.5217953e-001
  1.0819903e-001  2.3176171e-001  3.4862374e-001  4.6378752e-001  5.6111460e-001  6.2355060e-001  5.5601670e-001  4.1628857e-001
  1.0402606e-001  2.2357428e-001  3.3635525e-001  4.4747584e-001  5.4044959e-001  5.9786839e-001  5.2376157e-001  3.8014279e-001
  9.9788286e-002  2.1519950e-001  3.2388521e-001  4.3090668e-001  5.1942855e-001  5.7171471e-001  4.9116372e-001  3.4366228e-001
  9.5428870e-002  2.0668710e-001  3.1120474e-001  4.1406938e-001  4.9808876e-001  5.4518991e-001  4.5822848e-001  3.0698112e-001
  9.1019733e-002  1.9810545e-001  2.9836002e-001  3.9698259e-001  4.7644976e-001  5.1835879e-001  4.2496117e-001  2.7012504e-001
  8.6561764e-002  1.8942169e-001  2.8533062e-001  3.7963743e-001  4.5450888e-001  4.9120982e-001  3.9141508e-001  2.3306920e-001
  8.2009680e-002  1.8061008e-001  2.7208990e-001  3.6204278e-001  4.3223860e-001  4.6374831e-001  3.5760973e-001  1.9586952e-001
  7.7400773e-002  1.7164309e-001  2.5863610e-001  3.4423237e-001  4.0963893e-001  4.3595385e-001  3.2354956e-001  1.5858016e-001
  7.2730602e-002  1.6256690e-001  2.4498963e-001  3.2617691e-001  3.8669475e-001  4.0787261e-001  2.8928695e-001  1.2118338e-001
  6.7990290e-002  1.5342855e-001  2.3118334e-001  3.0789860e-001  3.6351619e-001  3.7953478e-001  2.5491336e-001  8.3706682e-002
  6.3212687e-002  1.4421740e-001  2.1724299e-001  2.8938057e-001  3.4020444e-001  3.5092437e-001  2.2040659e-001  4.6184705e-002
  5.8449290e-002  1.3485353e-001  2.0320852e-001  2.7069650e-001  3.1668670e-001  3.2212929e-001  1.8569295e-001  8.5783805e-003
  5.3643275e-002  1.2537779e-001  1.8906040e-001  2.5185172e-001  2.9295144e-001  2.9318859e-001  1.5082659e-001 -2.9005747e-002
  4.8782213e-002  1.1585944e-001  1.7479509e-001  2.3278321e-001  2.6901819e-001  2.6399663e-001  1.1583416e-001 -6.6518845e-002
  4.3930029e-002  1.0623898e-001  1.6041080e-001  2.1357263e-001  2.4486118e-001  2.3457648e-001  8.0758263e-002 -1.0402662e-001
  3.9030788e-002  9.6585668e-002  1.4589510e-001  1.9428836e-001  2.2052217e-001  2.0499652e-001  4.5666388e-002 -1.4152018e-001
  3.4095144e-002  8.6936796e-002  1.3124801e-001  1.7485404e-001  1.9604731e-001  1.7525763e-001  1.0554979e-002 -1.7891697e-001
  2.9158612e-002  7.7227549e-002  1.1650857e-001  1.5528477e-001  1.7142596e-001  1.4536158e-001 -2.4594608e-002 -2.1621165e-001
  2.4198996e-002  6.7420636e-002  1.0169810e-001  1.3564535e-001  1.4670516e-001  1.1534567e-001 -5.9681156e-002 -2.5336694e-001
  1.9226062e-002  5.7562226e-002  8.6810388e-002  1.1591626e-001  1.2186272e-001  8.5304019e-002 -9.4754387e-002 -2.9033932e-001
  1.4246024e-002  4.7674517e-002  7.1903143e-002  9.6101935e-002  9.6920846e-002  5.5208204e-002 -1.2982229e-001 -3.2714479e-001
  9.2207057e-003  3.7732648e-002  5.6987907e-002  7.6185502e-002  7.1942566e-002  2.5029817e-002 -1.6481828e-001 -3.6377978e-001
  4.1465541e-003  2.7787227e-002  4.2006081e-002  5.6223789e-002  4.6927883e-002 -5.2089456e-003 -1.9975300e-001 -4.0019636e-001
 -8.8853111e-004  1.7800965e-002  2.6989627e-002  3.6255861e-002  2.1884789e-002 -3.5469905e-002 -2.3454921e-001 -4.3637677e-001
 -5.8703441e-003  7.7427843e-003  1.1968735e-002  1.6268399e-002 -3.1920446e-003 -6.5627871e-002 -2.6918916e-001 -4.7231479e-001
 -1.0875242e-002 -2.3260503e-003 -3.0468306e-003 -3.7314928e-003 -2.8278645e-002 -9.5707704e-002 -3.0364177e-001 -5.0798999e-001
 -1.5882803e-002 -1.2413530e-002 -1.8063284e-002 -2.3739375e-002 -5.3324403e-002 -1.2577156e-001 -3.3789017e-001 -5.4335356e-001
 -2.0832653e-002 -2.2523207e-002 -3.3075298e-002 -4.3747258e-002 -7.8371937e-002 -1.5578746e-001 -3.7193259e-001 -5.7832202e-001
 -2.5797596e-002 -3.2620454e-002 -4.8066003e-002 -6.3740935e-002 -1.0341858e-001 -1.8574211e-001 -4.0574593e-001 -6.1296375e-001
 -3.0795391e-002 -4.2663540e-002 -6.3038950e-002 -8.3694657e-002 -1.2837733e-001 -2.1558044e-001 -4.3932665e-001 -6.4726986e-001
 -3.5755895e-002 -5.2634709e-002 -7.7991477e-002 -1.0356581e-001 -1.5322687e-001 -2.4525185e-001 -4.7264368e-001 -6.8113027e-001
 -4.0666678e-002 -6.2549942e-002 -9.2903162e-002 -1.2339612e-001 -1.7800271e-001 -2.7479985e-001 -5.0568724e-001 -7.1456538e-001
 -4.5510872e-002 -7.2396809e-002 -1.0781041e-001 -1.4319535e-001 -2.0265603e-001 -3.0419780e-001 -5.3841649e-001 -7.4757254e-001
 -5.0306232e-002 -8.2187740e-002 -1.2264396e-001 -1.6288271e-001 -2.2725164e-001 -3.3335159e-001 -5.7078705e-001 -7.8012156e-001
 -5.5069629e-002 -9.1927175e-002 -1.3735410e-001 -1.8246353e-001 -2.5175757e-001 -3.6228962e-001 -6.0278913e-001 -8.1217248e-001
 -5.9841904e-002 -1.0161867e-001 -1.5198699e-001 -2.0193247e-001 -2.7601047e-001 -3.9100746e-001 -6.3446271e-001 -8.4371022e-001
 -6.4609741e-002 -1.1124800e-001 -1.6650890e-001 -2.2127268e-001 -3.0009732e-001 -4.1947492e-001 -6.6573053e-001 -8.7469392e-001
 -6.9321641e-002 -1.2083473e-001 -1.8090917e-001 -2.4049568e-001 -3.2400128e-001 -4.4766892e-001 -6.9652867e-001 -9.0505967e-001
 -7.4021111e-002 -1.3039570e-001 -1.9518958e-001 -2.5959084e-001 -3.4766818e-001 -4.7560366e-001 -7.2691661e-001 -9.3489625e-001
 -7.8677964e-002 -1.3985634e-001 -2.0938387e-001 -2.7852706e-001 -3.7116016e-001 -5.0324274e-001 -7.5685529e-001 -9.6421964e-001
 -8.3267338e-002 -1.4920600e-001 -2.2348670e-001 -2.9727861e-001 -3.9439911e-001 -5.3056130e-001 -7.8632163e-001 -9.9292329e-001
 -8.7823861e-002 -1.5851304e-001 -2.3745813e-001 -3.1586323e-001 -4.1736192e-001 -5.5754691e-001 -8.1528809e-001 -1.0209948e+000
 -9.2307579e-002 -1.6769401e-001 -2.5126087e-001 -3.3427295e-001 -4.4011875e-001 -5.8419424e-001 -8.4372538e-001 -1.0484457e+000
 -9.6689192e-002 -1.7672137e-001 -2.6488336e-001 -3.5245892e-001 -4.6258791e-001 -6.1049619e-001 -8.7160953e-001 -1.0752457e+000
 -1.0104062e-001 -1.8561733e-001 -2.7832030e-001 -3.7038919e-001 -4.8478538e-001 -6.3640214e-001 -8.9893699e-001 -1.1013479e+000
 -1.0535741e-001 -1.9438810e-001 -2.9157521e-001 -3.8803534e-001 -5.0671738e-001 -6.6190767e-001 -9.2573971e-001 -1.1267522e+000
 -1.0957388e-001 -2.0310382e-001 -3.0459574e-001 -4.0543288e-001 -5.2832353e-001 -6.8701100e-001 -9.5196266e-001 -1.1514481e+000
 -1.1370245e-001 -2.1173430e-001 -3.1741382e-001 -4.2259514e-001 -5.4955145e-001 -7.1165795e-001 -9.7760138e-001 -1.1754371e+000
 -1.1776710e-001 -2.2021474e-001 -3.3005611e-001 -4.3948039e-001 -5.7038071e-001 -7.3587163e-001 -1.0026355e+000 -1.1987328e+000
 -1.2179534e-001 -2.2853269e-001 -3.4247377e-001 -4.5608063e-001 -5.9085483e-001 -7.5965913e-001 -1.0269921e+000 -1.2212950e+000
 -1.2575521e-001 -2.3671214e-001 -3.5470142e-001 -4.7242960e-001 -6.1094361e-001 -7.8290503e-001 -1.0507113e+000 -1.2431452e+000
 -1.2959522e-001 -2.4474864e-001 -3.6675328e-001 -4.8848024e-001 -6.3061509e-001 -8.0561022e-001 -1.0737468e+000 -1.2642212e+000
 -1.3333934e-001 -2.5257383e-001 -3.7855120e-001 -5.0417397e-001 -6.4989680e-001 -8.2782885e-001 -1.0961279e+000 -1.2844936e+000
 -1.3702220e-001 -2.6020901e-001 -3.9008365e-001 -5.1954983e-001 -6.6880205e-001 -8.4948458e-001 -1.1178955e+000 -1.3039803e+000
 -1.4061894e-001 -2.6772877e-001 -4.0138348e-001 -5.3464513e-001 -6.8721808e-001 -8.7052590e-001 -1.1389431e+000 -1.3226564e+000
 -1.4416063e-001 -2.7505763e-001 -4.1240630e-001 -5.4938439e-001 -7.0513691e-001 -8.9100786e-001 -1.1592377e+000 -1.3405173e+000
 -1.4761796e-001 -2.8221958e-001 -4.2313700e-001 -5.6372500e-001 -7.2261802e-001 -9.1091182e-001 -1.1788105e+000 -1.3576423e+000
 -1.5094568e-001 -2.8923947e-001 -4.3362532e-001 -5.7766518e-001 -7.3967739e-001 -9.3023600e-001 -1.1976375e+000 -1.3740285e+000
 -1.5416151e-001 -2.9604183e-001 -4.4386059e-001 -5.9123956e-001 -7.5626086e-001 -9.4904166e-001 -1.2156787e+000 -1.3895473e+000
 -1.5723973e-001 -3.0261867e-001 -4.5381529e-001 -6.0449696e-001 -7.7237020e-001 -9.6722581e-001 -1.2329724e+000 -1.4042555e+000
 -1.6023272e-001 -3.0899840e-001 -4.6349121e-001 -6.1739922e-001 -7.8800454e-001 -9.8475561e-001 -1.2494722e+000 -1.4182090e+000
 -1.6315378e-001 -3.1519257e-001 -4.7286613e-001 -6.2988773e-001 -8.0311060e-001 -1.0016337e+000 -1.2651597e+000 -1.4313225e+000
 -1.6598961e-001 -3.2121094e-001 -4.8192143e-001 -6.4195895e-001 -8.1773454e-001 -1.0177980e+000 -1.2800845e+000 -1.4435757e+000
 -1.6870824e-001 -3.2701090e-001 -4.9067573e-001 -6.5366169e-001 -8.3182753e-001 -1.0333469e+000 -1.2941871e+000 -1.4549384e+000
 -1.7132033e-001 -3.3258267e-001 -4.9912106e-001 -6.6490630e-001 -8.4534252e-001 -1.0482477e+000 -1.3074436e+000 -1.4653004e+000
 -1.7382765e-001 -3.3794757e-001 -5.0723787e-001 -6.7565813e-001 -8.5831680e-001 -1.0624258e+000 -1.3198052e+000 -1.4746521e+000
 -1.7616094e-001 -3.4313933e-001 -5.1506080e-001 -6.8592786e-001 -8.7072995e-001 -1.0759069e+000 -1.3312593e+000 -1.4829436e+000
 -1.7838592e-001 -3.4813044e-001 -5.2251527e-001 -6.9574388e-001 -8.8254822e-001 -1.0887203e+000 -1.3418655e+000 -1.4901546e+000
 -1.8055851e-001 -3.5287471e-001 -5.2959238e-001 -7.0516036e-001 -8.9377073e-001 -1.1008776e+000 -1.3515474e+000 -1.4961971e+000
 -1.8260236e-001 -3.5737039e-001 -5.3634721e-001 -7.1417464e-001 -9.0443654e-001 -1.1123069e+000 -1.3602909e+000 -1.5010117e+000
 -1.8449172e-001 -3.6159792e-001 -5.4269982e-001 -7.2276629e-001 -9.1456875e-001 -1.1229663e+000 -1.3681029e+000 -1.5046739e+000
 -1.8629940e-001 -3.6562125e-001 -5.4866621e-001 -7.3088204e-001 -9.2410786e-001 -1.1329217e+000 -1.3749170e+000 -1.5070922e+000
 -1.8797922e-001 -3.6946078e-001 -5.5434139e-001 -7.3850591e-001 -9.3300681e-001 -1.1421277e+000 -1.3808158e+000 -1.5082692e+000
 -1.8954184e-001 -3.7304994e-001 -5.5970047e-001 -7.4561038e-001 -9.4131445e-001 -1.1505551e+000 -1.3857733e+000 -1.5082600e+000
 -1.9103077e-001 -3.7639493e-001 -5.6471685e-001 -7.5218123e-001 -9.4903608e-001 -1.1582286e+000 -1.3896832e+000 -1.5070771e+000
 -1.9238830e-001 -3.7954282e-001 -5.6940914e-001 -7.5829572e-001 -9.5610247e-001 -1.1651111e+000 -1.3926457e+000 -1.5047967e+000
 -1.9358601e-001 -3.8245897e-001 -5.7374541e-001 -7.6397782e-001 -9.6252605e-001 -1.1712726e+000 -1.3946485e+000 -1.5014287e+000
 -1.9469760e-001 -3.8507502e-001 -5.7770077e-001 -7.6914673e-001 -9.6835563e-001 -1.1766847e+000 -1.3956603e+000 -1.4970459e+000
 -1.9571240e-001 -3.8742738e-001 -5.8127791e-001 -7.7380600e-001 -9.7355838e-001 -1.1813164e+000 -1.3957746e+000 -1.4917326e+000
 -1.9661090e-001 -3.8954711e-001 -5.8446970e-001 -7.7806307e-001 -9.7813252e-001 -1.1852334e+000 -1.3949814e+000 -1.4855261e+000
 -1.9741084e-001 -3.9142889e-001 -5.8729392e-001 -7.8180428e-001 -9.8212067e-001 -1.1883930e+000 -1.3933030e+000 -1.4784361e+000
 -1.9802611e-001 -3.9308871e-001 -5.8974257e-001 -7.8500390e-001 -9.8546688e-001 -1.1907828e+000 -1.3907989e+000 -1.4705196e+000
 -1.9851086e-001 -3.9447417e-001 -5.9181832e-001 -7.8773826e-001 -9.8814275e-001 -1.1924135e+000 -1.3875091e+000 -1.4618697e+000
 -1.9887308e-001 -3.9558173e-001 -5.9358153e-001 -7.8999052e-001 -9.9018379e-001 -1.1932709e+000 -1.3834468e+000 -1.4524721e+000
 -1.9906927e-001 -3.9644068e-001 -5.9500469e-001 -7.9173846e-001 -9.9160422e-001 -1.1933824e+000 -1.3786342e+000 -1.4423457e+000
 -1.9915448e-001 -3.9707323e-001 -5.9601322e-001 -7.9293859e-001 -9.9240668e-001 -1.1927517e+000 -1.3731149e+000 -1.4315063e+000
 -1.9913137e-001 -3.9746428e-001 -5.9656449e-001 -7.9365749e-001 -9.9261516e-001 -1.1913770e+000 -1.3668516e+000 -1.4199370e+000
 -1.9900349e-001 -3.9758453e-001 -5.9672421e-001 -7.9387919e-001 -9.9219858e-001 -1.1892662e+000 -1.3597971e+000 -1.4075926e+000
 -1.9878238e-001 -3.9744552e-001 -5.9657317e-001 -7.9358059e-001 -9.9115427e-001 -1.1864656e+000 -1.3520067e+000 -1.3944740e+000
 -1.9840767e-001 -3.9704103e-001 -5.9605633e-001 -7.9281675e-001 -9.8948934e-001 -1.1829812e+000 -1.3434855e+000 -1.3806461e+000
 -1.9787226e-001 -3.9638617e-001 -5.9513196e-001 -7.9160720e-001 -9.8719669e-001 -1.1787911e+000 -1.3341723e+000 -1.3660749e+000
 -1.9720544e-001 -3.9546849e-001 -5.9382581e-001 -7.8981787e-001 -9.8429762e-001 -1.1739163e+000 -1.3240698e+000 -1.3506940e+000
 -1.9641698e-001 -3.9429778e-001 -5.9217871e-001 -7.8754021e-001 -9.8086495e-001 -1.1683722e+000 -1.3131842e+000 -1.3345780e+000
 -1.9549268e-001 -3.9291841e-001 -5.9014717e-001 -7.8484702e-001 -9.7685870e-001 -1.1621479e+000 -1.3014951e+000 -1.3176611e+000
 -1.9445917e-001 -3.9131086e-001 -5.8775870e-001 -7.8164154e-001 -9.7221053e-001 -1.1552541e+000 -1.2890069e+000 -1.2999016e+000
 -1.9332710e-001 -3.8943074e-001 -5.8502396e-001 -7.7795039e-001 -9.6694262e-001 -1.1476483e+000 -1.2757294e+000 -1.2813874e+000
 -1.9206452e-001 -3.8728070e-001 -5.8189057e-001 -7.7373806e-001 -9.6107008e-001 -1.1393340e+000 -1.2616776e+000 -1.2620537e+000
 -1.9067320e-001 -3.8488294e-001 -5.7838072e-001 -7.6903651e-001 -9.5465948e-001 -1.1303253e+000 -1.2468401e+000 -1.2418934e+000
 -1.8913805e-001 -3.8226322e-001 -5.7450595e-001 -7.6387416e-001 -9.4772149e-001 -1.1205939e+000 -1.2312195e+000 -1.2209882e+000
 -1.8749901e-001 -3.7946593e-001 -5.7030623e-001 -7.5825810e-001 -9.4021082e-001 -1.1102233e+000 -1.2148353e+000 -1.1993318e+000
 -1.8574455e-001 -3.7648395e-001 -5.6579397e-001 -7.5222564e-001 -9.3212925e-001 -1.0991486e+000 -1.1976547e+000 -1.1769146e+000
 -1.8386845e-001 -3.7326137e-001 -5.6088839e-001 -7.4571993e-001 -9.2348477e-001 -1.0873591e+000 -1.1797283e+000 -1.1537178e+000
 -1.8193908e-001 -3.6976621e-001 -5.5556640e-001 -7.3874366e-001 -9.1427116e-001 -1.0749082e+000 -1.1610738e+000 -1.1297787e+000
 -1.7988008e-001 -3.6602777e-001 -5.4993898e-001 -7.3134210e-001 -9.0446623e-001 -1.0618171e+000 -1.1416531e+000 -1.1051568e+000
 -1.7764528e-001 -3.6205049e-001 -5.4398571e-001 -7.2347529e-001 -8.9410195e-001 -1.0480752e+000 -1.1214937e+000 -1.0798327e+000
 -1.7529506e-001 -3.5786457e-001 -5.3769416e-001 -7.1511128e-001 -8.8322891e-001 -1.0336745e+000 -1.1006187e+000 -1.0538355e+000
 -1.7287026e-001 -3.5349574e-001 -5.3110695e-001 -7.0629800e-001 -8.7180628e-001 -1.0186256e+000 -1.0790396e+000 -1.0271254e+000
 -1.7034690e-001 -3.4890672e-001 -5.2417791e-001 -6.9707009e-001 -8.5978079e-001 -1.0028985e+000 -1.0568239e+000 -9.9970319e-001
 -1.6773032e-001 -3.4406821e-001 -5.1691325e-001 -6.8740001e-001 -8.4717641e-001 -9.8656044e-001 -1.0339556e+000 -9.7162663e-001
 -1.6503294e-001 -3.3899353e-001 -5.0931387e-001 -6.7730731e-001 -8.3405439e-001 -9.6960534e-001 -1.0103734e+000 -9.4293033e-001
 -1.6218640e-001 -3.3372706e-001 -5.0137532e-001 -6.6682218e-001 -8.2046003e-001 -9.5204383e-001 -9.8608450e-001 -9.1367201e-001
 -1.5922443e-001 -3.2821732e-001 -4.9314644e-001 -6.5593306e-001 -8.0637645e-001 -9.3395048e-001 -9.6116344e-001 -8.8382770e-001
 -1.5616835e-001 -3.2246786e-001 -4.8462278e-001 -6.4464173e-001 -7.9176814e-001 -9.1525071e-001 -9.3567236e-001 -8.5342847e-001
 -1.5299596e-001 -3.1651773e-001 -4.7578837e-001 -6.3297395e-001 -7.7669992e-001 -8.9591434e-001 -9.0962103e-001 -8.2249651e-001
 -1.4972502e-001 -3.1038915e-001 -4.6666274e-001 -6.2092083e-001 -7.6114158e-001 -8.7602749e-001 -8.8301923e-001 -7.9106557e-001
 -1.4633954e-001 -3.0408476e-001 -4.5725565e-001 -6.0844863e-001 -7.4508960e-001 -8.5557684e-001 -8.5583231e-001 -7.5910457e-001
 -1.4287238e-001 -2.9759037e-001 -4.4760085e-001 -5.9552807e-001 -7.2858302e-001 -8.3456594e-001 -8.2803099e-001 -7.2659131e-001
 -1.3933863e-001 -2.9093084e-001 -4.3767169e-001 -5.8221683e-001 -7.1164760e-001 -8.1308714e-001 -7.9968806e-001 -6.9359328e-001
 -1.3570366e-001 -2.8407420e-001 -4.2746375e-001 -5.6862503e-001 -6.9427712e-001 -7.9111112e-001 -7.7081952e-001 -6.6022589e-001
 -1.3198434e-001 -2.7700979e-001 -4.1696635e-001 -5.5469851e-001 -6.7642630e-001 -7.6862192e-001 -7.4143335e-001 -6.2649092e-001
 -1.2818777e-001 -2.6976338e-001 -4.0615554e-001 -5.4038664e-001 -6.5813954e-001 -7.4567102e-001 -7.1156861e-001 -5.9228182e-001
 -1.2431929e-001 -2.6234472e-001 -3.9503841e-001 -5.2574627e-001 -6.3945945e-001 -7.2223446e-001 -6.8128569e-001 -5.5768029e-001
 -1.2036291e-001 -2.5475647e-001 -3.8365670e-001 -5.1073299e-001 -6.2037716e-001 -6.9825630e-001 -6.5056948e-001 -5.2276356e-001
 -1.1633284e-001 -2.4703593e-001 -3.7207344e-001 -4.9535745e-001 -6.0088556e-001 -6.7375251e-001 -6.1938980e-001 -4.8752720e-001
 -1.1225482e-001 -2.3920086e-001 -3.6026821e-001 -4.7968182e-001 -5.8100329e-001 -6.4888559e-001 -5.8780615e-001 -4.5192681e-001
 -1.0805162e-001 -2.3120508e-001 -3.4823480e-001 -4.6372296e-001 -5.6072770e-001 -6.2370702e-001 -5.5586557e-001 -4.1604497e-001
 -1.0374453e-001 -2.2302728e-001 -3.3598742e-001 -4.4743824e-001 -5.4004812e-001 -5.9806588e-001 -5.2358937e-001 -3.7992872e-001
 -9.9405474e-002 -2.1469767e-001 -3.2353493e-001 -4.3083567e-001 -5.1899831e-001 -5.7197280e-001 -4.9093671e-001 -3.4355322e-001
 -9.5025580e-002 -2.0626683e-001 -3.1089155e-001 -4.1393211e-001 -4.9763329e-001 -5.4552280e-001 -4.5798573e-001 -3.0694243e-001
 -9.0621714e-002 -1.9771613e-001 -2.9805107e-001 -3.9675686e-001 -4.7597884e-001 -5.1873097e-001 -4.2474886e-001 -2.7012921e-001
 -8.6145042e-002 -1.8905622e-001 -2.8500193e-001 -3.7939605e-001 -4.5397988e-001 -4.9159998e-001 -3.9122165e-001 -2.3316505e-001
 -8.1574256e-002 -1.8030842e-001 -2.7175214e-001 -3.6182836e-001 -4.3166307e-001 -4.6410939e-001 -3.5744051e-001 -1.9597093e-001
 -7.6978609e-002 -1.7140346e-001 -2.5833365e-001 -3.4402184e-001 -4.0908257e-001 -4.3626099e-001 -3.2343562e-001 -1.5860012e-001
 -7.2354550e-002 -1.6235023e-001 -2.4476689e-001 -3.2597204e-001 -3.8623481e-001 -4.0813203e-001 -2.8923540e-001 -1.2116716e-001
 -6.7663014e-002 -1.5317624e-001 -2.3104031e-001 -3.0769050e-001 -3.6318462e-001 -3.7980152e-001 -2.5477149e-001 -8.3659620e-002
 -6.2911102e-002 -1.4388506e-001 -2.1715213e-001 -2.8921008e-001 -3.3991068e-001 -3.5121974e-001 -2.2017883e-001 -4.6129884e-002
 -5.8144984e-002 -1.3450864e-001 -2.0313344e-001 -2.7057074e-001 -3.1640146e-001 -3.2236449e-001 -1.8549117e-001 -8.5486504e-003
 -5.3370875e-002 -1.2507895e-001 -1.8900199e-001 -2.5175115e-001 -2.9270401e-001 -2.9334322e-001 -1.5063393e-001  2.9052116e-002
 -4.8547046e-002 -1.1561197e-001 -1.7473825e-001 -2.3273801e-001 -2.6877394e-001 -2.6415591e-001 -1.1565594e-001  6.6655546e-002
 -4.3675272e-002 -1.0608373e-001 -1.6036353e-001 -2.1361299e-001 -2.4467606e-001 -2.3473065e-001 -8.0622009e-002  1.0426430e-001
 -3.8763543e-002 -9.6461367e-002 -1.4590534e-001 -1.9436190e-001 -2.2042813e-001 -2.0508698e-001 -4.5551677e-002  1.4178871e-001
 -3.3842048e-002 -8.6727136e-002 -1.3135659e-001 -1.7500515e-001 -1.9600085e-001 -1.7531811e-001 -1.0416531e-002  1.7920480e-001
 -2.8911674e-002 -7.6943185e-002 -1.1669419e-001 -1.5545663e-001 -1.7145459e-001 -1.4548710e-001  2.4764785e-002  2.1647972e-001
 -2.3934243e-002 -6.7136149e-002 -1.0191904e-001 -1.3570566e-001 -1.4677782e-001 -1.1553711e-001  5.9954980e-002  2.5362856e-001
 -1.8933727e-002 -5.7263411e-002 -8.7049767e-002 -1.1594316e-001 -1.2196254e-001 -8.5506320e-002  9.5073257e-002  2.9065309e-001
 -1.3925221e-002 -4.7365812e-002 -7.2104139e-002 -9.6120277e-002 -9.7042487e-002 -5.5429364e-002  1.3010275e-001  3.2749562e-001
 -8.9690984e-003 -3.7461998e-002 -5.7148745e-002 -7.6239685e-002 -7.2086034e-002 -2.5276051e-002  1.6502569e-001  3.6410641e-001
 -4.0955483e-003 -2.7539539e-002 -4.2209333e-002 -5.6337784e-002 -4.7070982e-002  4.9287589e-003  1.9985452e-001  4.0047924e-001
  8.5080733e-004 -1.7564696e-002 -2.7227303e-002 -3.6398592e-002 -2.1975134e-002  3.5142447e-002  2.3459723e-001  4.3665231e-001
  5.8815106e-003 -7.5587771e-003 -1.2238169e-002 -1.6371501e-002  3.1260415e-003  6.5343705e-002  2.6922806e-001  4.7257056e-001
  1.0894457e-002  2.4116270e-003  2.7704971e-003  3.6919929e-003  2.8210348e-002  9.5499682e-002  3.0370707e-001  5.0818427e-001
  1.5898524e-002  1.2363386e-002  1.7798697e-002  2.3734178e-002  5.3276896e-002  1.2558108e-001  3.3800052e-001  5.4346058e-001
  2.0911470e-002  2.2335566e-002  3.2778951e-002  4.3797672e-002  7.8323024e-002  1.5559322e-001  3.7210307e-001  5.7840661e-001
  2.5903107e-002  3.2294427e-002  4.7766309e-002  6.3828314e-002  1.0336649e-001  1.8551213e-001  4.0596500e-001  6.1304543e-001
  3.0805069e-002  4.2238195e-002  6.2765209e-002  8.3758627e-002  1.2835579e-001  2.1530763e-001  4.3953483e-001  6.4726962e-001
  3.5656422e-002  5.2162430e-002  7.7726818e-002  1.0364632e-001  1.5325720e-001  2.4496019e-001  4.7279479e-001  6.8105165e-001
  4.0513991e-002  6.2022738e-002  9.2623612e-002  1.2349762e-001  1.7802542e-001  2.7448222e-001  5.0576087e-001  7.1439595e-001
  4.5389316e-002  7.1822671e-002  1.0746270e-001  1.4324769e-001  2.0259565e-001  3.0389949e-001  5.3845703e-001  7.4733539e-001
  5.0334784e-002  8.1606622e-002  1.2221921e-001  1.6290454e-001  2.2698830e-001  3.3315073e-001  5.7084865e-001  7.7985131e-001
  5.5314879e-002  9.1383470e-002  1.3683011e-001  1.8245129e-001  2.5125665e-001  3.6214803e-001  6.0289489e-001  8.1188512e-001
  6.0175111e-002  1.0112658e-001  1.5136554e-001  2.0189328e-001  2.7546641e-001  3.9089495e-001  6.3458686e-001  8.4344036e-001
  6.4935902e-002  1.1081997e-001  1.6587966e-001  2.2121007e-001  2.9957583e-001  4.1941813e-001  6.6586776e-001  8.7444601e-001
  6.9671832e-002  1.2044144e-001  1.8028990e-001  2.4035373e-001  3.2349969e-001  4.4770070e-001  6.9669051e-001  9.0490828e-001
  7.4344723e-002  1.2998922e-001  1.9455187e-001  2.5936509e-001  3.4719270e-001  4.7567517e-001  7.2708087e-001  9.3483251e-001
  7.8977660e-002  1.3942335e-001  2.0869397e-001  2.7827524e-001  3.7063266e-001  5.0330249e-001  7.5700687e-001  9.6415209e-001
  8.3548447e-002  1.4874827e-001  2.2274995e-001  2.9700071e-001  3.9387197e-001  5.3063415e-001  7.8645341e-001  9.9285637e-001
  8.8048203e-002  1.5795155e-001  2.3667364e-001  3.1554328e-001  4.1686090e-001  5.5761776e-001  8.1542051e-001  1.0209320e+000
  9.2502678e-002  1.6706072e-001  2.5043662e-001  3.3388520e-001  4.3955950e-001  5.8422047e-001  8.4388152e-001  1.0483560e+000
  9.6911872e-002  1.7608288e-001  2.6406731e-001  3.5201135e-001  4.6198285e-001  6.1048046e-001  8.7181070e-001  1.0751825e+000
  1.0122784e-001  1.8501092e-001  2.7751421e-001  3.6991643e-001  4.8409723e-001  6.3637199e-001  8.9918140e-001  1.1013208e+000
  1.0550918e-001  1.9384574e-001  2.9080219e-001  3.8757379e-001  5.0597543e-001  6.6185954e-001  9.2601672e-001  1.1267257e+000
  1.0977187e-001  2.0248878e-001  3.0391791e-001  4.0497279e-001  5.2757839e-001  6.8688983e-001  9.5231132e-001  1.1514604e+000
  1.1400793e-001  2.1096756e-001  3.1681167e-001  4.2210630e-001  5.4880667e-001  7.1148684e-001  9.7792848e-001  1.1754660e+000
  1.1815965e-001  2.1936821e-001  3.2946481e-001  4.3900276e-001  5.6963363e-001  7.3566300e-001  1.0029019e+000  1.1987481e+000
  1.2216930e-001  2.2764544e-001  3.4188445e-001  4.5562575e-001  5.9008147e-001  7.5937747e-001  1.0273409e+000  1.2212763e+000
  1.2611413e-001  2.3579748e-001  3.5411230e-001  4.7196640e-001  6.1015729e-001  7.8264000e-001  1.0511148e+000  1.2430650e+000
  1.2996841e-001  2.4386074e-001  3.6615281e-001  4.8800606e-001  6.2985488e-001  8.0537959e-001  1.0741918e+000  1.2641087e+000
  1.3371703e-001  2.5179970e-001  3.7796514e-001  5.0372964e-001  6.4916891e-001  8.2755182e-001  1.0966144e+000  1.2843303e+000
  1.3735111e-001  2.5954598e-001  3.8951555e-001  5.1912204e-001  6.6805587e-001  8.4915759e-001  1.1183098e+000  1.3037705e+000
  1.4088664e-001  2.6708451e-001  4.0083689e-001  5.3418416e-001  6.8655039e-001  8.7021377e-001  1.1392772e+000  1.3224685e+000
  1.4432717e-001  2.7443836e-001  4.1190962e-001  5.4892930e-001  7.0460720e-001  8.9073367e-001  1.1595449e+000  1.3403860e+000
  1.4770199e-001  2.8157912e-001  4.2271688e-001  5.6331042e-001  7.2215258e-001  9.1068978e-001  1.1790784e+000  1.3574743e+000
  1.5102976e-001  2.8858048e-001  4.3322227e-001  5.7729910e-001  7.3919544e-001  9.3008741e-001  1.1978562e+000  1.3738158e+000
  1.5424033e-001  2.9540427e-001  4.4340535e-001  5.9089178e-001  7.5573575e-001  9.4887774e-001  1.2158670e+000  1.3893956e+000
  1.5727865e-001  3.0199100e-001  4.5327946e-001  6.0413021e-001  7.7175933e-001  9.6708385e-001  1.2331204e+000  1.4041399e+000
  1.6022907e-001  3.0841969e-001  4.6291562e-001  6.1702326e-001  7.8732388e-001  9.8462761e-001  1.2496129e+000  1.4180851e+000
  1.6312888e-001  3.1470365e-001  4.7230850e-001  6.2951409e-001  8.0243828e-001  1.0014566e+000  1.2652788e+000  1.4312170e+000
  1.6590439e-001  3.2076565e-001  4.8139951e-001  6.4156544e-001  8.1703416e-001  1.0176757e+000  1.2800897e+000  1.4434317e+000
  1.6861509e-001  3.2660479e-001  4.9016644e-001  6.5320215e-001  8.3108399e-001  1.0332786e+000  1.2940970e+000  1.4547399e+000
  1.7128583e-001  3.3221930e-001  4.9860664e-001  6.6443310e-001  8.4459223e-001  1.0481987e+000  1.3072716e+000  1.4651061e+000
  1.7380830e-001  3.3757100e-001  5.0671388e-001  6.7522899e-001  8.5755354e-001  1.0624271e+000  1.3195928e+000  1.4744530e+000
  1.7619226e-001  3.4277176e-001  5.1448729e-001  6.8554277e-001  8.6993596e-001  1.0759497e+000  1.3310520e+000  1.4827594e+000
  1.7846169e-001  3.4778340e-001  5.2195438e-001  6.9540018e-001  8.8173416e-001  1.0887265e+000  1.3416588e+000  1.4899390e+000
  1.8062812e-001  3.5252425e-001  5.2908052e-001  7.0485894e-001  8.9301206e-001  1.1008276e+000  1.3513502e+000  1.4959706e+000
  1.8271642e-001  3.5707953e-001  5.3589148e-001  7.1388176e-001  9.0376346e-001  1.1122211e+000  1.3600587e+000  1.5008444e+000
  1.8470262e-001  3.6142083e-001  5.4238724e-001  7.2248195e-001  9.1390933e-001  1.1228376e+000  1.3678474e+000  1.5044938e+000
  1.8651212e-001  3.6546470e-001  5.4850121e-001  7.3063820e-001  9.2342659e-001  1.1327413e+000  1.3746621e+000  1.5069056e+000
  1.8814672e-001  3.6925286e-001  5.5425382e-001  7.3825374e-001  9.3233654e-001  1.1418946e+000  1.3805171e+000  1.5081081e+000
  1.8966678e-001  3.7283680e-001  5.5967881e-001  7.4539338e-001  9.4067470e-001  1.1503271e+000  1.3854415e+000  1.5080773e+000
  1.9110960e-001  3.7618458e-001  5.6475397e-001  7.5210151e-001  9.4838870e-001  1.1580599e+000  1.3893795e+000  1.5068390e+000
  1.9244676e-001  3.7929085e-001  5.6944025e-001  7.5832931e-001  9.5544655e-001  1.1650042e+000  1.3923488e+000  1.5045051e+000
  1.9366761e-001  3.8219026e-001  5.7377049e-001  7.6405635e-001  9.6191841e-001  1.1712054e+000  1.3943673e+000  1.5011395e+000
  1.9477482e-001  3.8487124e-001  5.7776601e-001  7.6926842e-001  9.6780960e-001  1.1766590e+000  1.3954481e+000  1.4967590e+000
  1.9567958e-001  3.8725568e-001  5.8141792e-001  7.7399661e-001  9.7310503e-001  1.1813153e+000  1.3955816e+000  1.4914543e+000
  1.9646271e-001  3.8935422e-001  5.8468538e-001  7.7820006e-001  9.7780470e-001  1.1852161e+000  1.3947491e+000  1.4852679e+000
  1.9715972e-001  3.9124322e-001  5.8755063e-001  7.8193738e-001  9.8181716e-001  1.1883683e+000  1.3930482e+000  1.4782611e+000
  1.9770490e-001  3.9288007e-001  5.9005808e-001  7.8522189e-001  9.8514330e-001  1.1907393e+000  1.3905900e+000  1.4704339e+000
  1.9812844e-001  3.9427364e-001  5.9217663e-001  7.8797722e-001  9.8788077e-001  1.1924159e+000  1.3873274e+000  1.4617908e+000
  1.9848007e-001  3.9544525e-001  5.9389742e-001  7.9025488e-001  9.9003048e-001  1.1933884e+000  1.3832399e+000  1.4523753e+000
  1.9878197e-001  3.9635227e-001  5.9521068e-001  7.9202468e-001  9.9156933e-001  1.1935814e+000  1.3783596e+000  1.4422201e+000
  1.9892850e-001  3.9700890e-001  5.9615458e-001  7.9324755e-001  9.9246536e-001  1.1930135e+000  1.3727867e+000  1.4313546e+000
  1.9891965e-001  3.9743647e-001  5.9678418e-001  7.9395368e-001  9.9272390e-001  1.1916838e+000  1.3665284e+000  1.4197842e+000
  1.9878028e-001  3.9760922e-001  5.9706041e-001  7.9412975e-001  9.9233962e-001  1.1895923e+000  1.3595101e+000  1.4074919e+000
  1.9850152e-001  3.9751384e-001  5.9693265e-001  7.9379530e-001  9.9130720e-001  1.1867789e+000  1.3517229e+000  1.3944610e+000
  1.9807803e-001  3.9721246e-001  5.9640624e-001  7.9300004e-001  9.8969411e-001  1.1832899e+000  1.3431783e+000  1.3806975e+000
  1.9750627e-001  3.9663940e-001  5.9546786e-001  7.9174397e-001  9.8751544e-001  1.1791181e+000  1.3338533e+000  1.3661651e+000
