   2.0398486e+01   2.7330545e+01   4.0358937e+01   6.3051601e+01   1.0393612e+02   1.7154836e+02   2.7216778e+02   3.0840537e+02
   2.0210542e+01   2.6564846e+01   3.9746377e+01   6.1923934e+01   1.0023988e+02   1.6186574e+02   2.4641240e+02   2.6609694e+02
   1.9822123e+01   2.5989875e+01   3.8120310e+01   5.9781367e+01   9.5733389e+01   1.5262443e+02   2.2430037e+02   2.3360758e+02
   1.9471294e+01   2.5187979e+01   3.6879876e+01   5.7776626e+01   9.1519256e+01   1.4316873e+02   2.0275774e+02   2.0226259e+02
   1.9120464e+01   2.4352670e+01   3.5518323e+01   5.5425232e+01   8.7012764e+01   1.3400957e+02   1.8349133e+02   1.7636801e+02
   1.8644338e+01   2.3438007e+01   3.3851883e+01   5.2693772e+01   8.2347564e+01   1.2513023e+02   1.6615031e+02   1.5514698e+02
   1.8059622e+01   2.2243516e+01   3.2289855e+01   4.9933077e+01   7.7724130e+01   1.1633861e+02   1.5040056e+02   1.3662818e+02
   1.7586280e+01   2.1163183e+01   3.0725044e+01   4.6964947e+01   7.3113225e+01   1.0786997e+02   1.3528146e+02   1.1973684e+02
   1.6660480e+01   1.9875415e+01   2.8434906e+01   4.3588907e+01   6.8414613e+01   9.9753550e+01   1.2181211e+02   1.0490314e+02
   1.5971350e+01   1.9505222e+01   2.7077529e+01   4.0955786e+01   6.3089520e+01   9.4007005e+01   1.1563082e+02   9.9464144e+01
   1.5299307e+01   1.8537023e+01   2.5389826e+01   3.8108143e+01   5.8510509e+01   8.6737919e+01   1.0420228e+02   8.7285719e+01
   1.4591193e+01   1.7528958e+01   2.3650865e+01   3.5216836e+01   5.3977061e+01   7.9802957e+01   9.3730540e+01   7.6360259e+01
   1.3845110e+01   1.6467736e+01   2.1767624e+01   3.2329326e+01   4.9449308e+01   7.3223002e+01   8.4071332e+01   6.6374522e+01
   1.3142692e+01   1.5486249e+01   2.0002085e+01   2.9538635e+01   4.5084820e+01   6.6901233e+01   7.5040505e+01   5.7189922e+01
   1.2428883e+01   1.4519948e+01   1.8314382e+01   2.6744148e+01   4.0853222e+01   6.0799682e+01   6.6658940e+01   4.8874803e+01
   1.1559402e+01   1.3538461e+01   1.6545047e+01   2.4021801e+01   3.6910185e+01   5.4979099e+01   5.8896264e+01   4.1136807e+01
   1.0830406e+01   1.2463950e+01   1.4800391e+01   2.1341220e+01   3.3014609e+01   4.9418601e+01   5.1448727e+01   3.4023394e+01
   1.0135581e+01   1.1277432e+01   1.3055735e+01   1.8789732e+01   2.9244329e+01   4.4042250e+01   4.4473899e+01   2.7392182e+01
   9.4331621e+00   1.0227601e+01   1.1421188e+01   1.6211666e+01   2.5671487e+01   3.8893711e+01   3.7950898e+01   2.1239375e+01
   8.7478294e+00   9.0277942e+00   9.6138836e+00   1.3779779e+01   2.2248620e+01   3.4026139e+01   3.1868332e+01   1.5580159e+01
   8.0245281e+00   7.9020260e+00   7.9128916e+00   1.1416235e+01   1.8778292e+01   2.9312341e+01   2.6146467e+01   1.0296832e+01
   7.3733671e+00   6.8009374e+00   6.3542818e+00   8.9805512e+00   1.5577541e+01   2.4900392e+01   2.0823273e+01   5.5963227e+00
   6.6026051e+00   5.7226299e+00   4.7045474e+00   6.7498975e+00   1.2445134e+01   2.0537803e+01   1.5824710e+01   1.2470229e+00
   5.8698116e+00   4.6405256e+00   3.1554297e+00   4.6692198e+00   9.5386395e+00   1.6380244e+01   1.1127998e+01  -2.7225912e+00
   5.0876590e+00   3.6362568e+00   1.7050302e+00   2.6720730e+00   6.7593401e+00   1.2420122e+01   6.7559169e+00  -6.3675739e+00
   4.3187954e+00   2.6073085e+00   3.6663810e-01   8.3249563e-01   4.0825557e+00   8.8131075e+00   2.7900995e+00  -9.6613473e+00
   3.6315643e+00   1.6296178e+00  -9.6416032e-01  -9.6911303e-01   1.6430750e+00   5.3826470e+00  -9.1942985e-01  -1.2560248e+01
   2.9291457e+00   6.1585696e-01  -2.2418027e+00  -2.6890893e+00  -7.6792931e-01   2.0831781e+00  -4.3992494e+00  -1.5214251e+01
   2.1488916e+00  -3.0488090e-01  -3.4776797e+00  -4.3141441e+00  -2.8486070e+00  -9.2013592e-01  -7.5582345e+00  -1.7610067e+01
   1.4540667e+00  -1.2294156e+00  -4.6622991e+00  -5.8006137e+00  -5.0033234e+00  -3.7772709e+00  -1.0493205e+01  -1.9685049e+01
   7.2886701e-01  -2.0495367e+00  -5.6191071e+00  -7.2434193e+00  -6.9055488e+00  -6.4426646e+00  -1.3107341e+01  -2.1469572e+01
   7.0112294e-02  -2.9664777e+00  -6.6043914e+00  -8.6026941e+00  -8.6407124e+00  -8.9694729e+00  -1.5548720e+01  -2.3024385e+01
  -6.0762671e-01  -3.9175904e+00  -7.6048632e+00  -9.7949072e+00  -1.0366384e+01  -1.1374782e+01  -1.7631296e+01  -2.4385558e+01
  -1.2625846e+00  -4.7244226e+00  -8.4553591e+00  -1.1025089e+01  -1.1898416e+01  -1.3373827e+01  -1.9412022e+01  -2.5619537e+01
  -1.8662848e+00  -5.4648097e+00  -9.2375116e+00  -1.2103396e+01  -1.3343120e+01  -1.5319716e+01  -2.0985819e+01  -2.6576345e+01
  -2.4699851e+00  -6.2621497e+00  -1.0012070e+01  -1.3164618e+01  -1.4670121e+01  -1.7163090e+01  -2.2352687e+01  -2.7415450e+01
  -3.0414121e+00  -7.1069504e+00  -1.0879652e+01  -1.4212550e+01  -1.5847147e+01  -1.8801434e+01  -2.3533510e+01  -2.8053322e+01
  -3.6185344e+00  -7.8796108e+00  -1.1572579e+01  -1.5144679e+01  -1.7064039e+01  -2.0278411e+01  -2.4598528e+01  -2.8668413e+01
  -4.2279299e+00  -8.5649434e+00  -1.2233232e+01  -1.5924933e+01  -1.8017051e+01  -2.1493405e+01  -2.5488891e+01  -2.9192379e+01
  -4.6398889e+00  -9.1876280e+00  -1.2878697e+01  -1.6648234e+01  -1.8970062e+01  -2.2602088e+01  -2.6255856e+01  -2.9554979e+01
  -5.1999254e+00  -9.8217031e+00  -1.3484296e+01  -1.7401910e+01  -1.9839542e+01  -2.3585473e+01  -2.6901322e+01  -2.9900493e+01
  -5.6802278e+00  -1.0501341e+01  -1.4012059e+01  -1.8081547e+01  -2.0676749e+01  -2.4443563e+01  -2.7427186e+01  -3.0297264e+01
  -6.2269752e+00  -1.0994932e+01  -1.4566400e+01  -1.8668162e+01  -2.1358285e+01  -2.5104216e+01  -2.7822060e+01  -3.0570638e+01
  -6.8116912e+00  -1.1431571e+01  -1.5096062e+01  -1.9302237e+01  -2.2053109e+01  -2.5688932e+01  -2.8270089e+01  -3.0959816e+01
  -7.3223684e+00  -1.1942248e+01  -1.5637114e+01  -1.9710399e+01  -2.2704270e+01  -2.6205305e+01  -2.8759883e+01  -3.1331908e+01
  -7.8729127e+00  -1.2401668e+01  -1.6090839e+01  -2.0213483e+01  -2.3230135e+01  -2.6617264e+01  -2.9221201e+01  -3.1747663e+01
  -8.2639889e+00  -1.2942720e+01  -1.6571141e+01  -2.0640629e+01  -2.3786375e+01  -2.6957082e+01  -2.9574309e+01  -3.2180505e+01
  -8.7120181e+00  -1.3303421e+01  -1.7002084e+01  -2.0957666e+01  -2.4204029e+01  -2.7260831e+01  -2.9914128e+01  -3.2763323e+01
  -9.2397813e+00  -1.3798911e+01  -1.7419739e+01  -2.1248126e+01  -2.4614089e+01  -2.7575970e+01  -3.0282423e+01  -3.3323359e+01
  -9.6593340e+00  -1.4235549e+01  -1.7759557e+01  -2.1639202e+01  -2.4967197e+01  -2.7925281e+01  -3.0569085e+01  -3.3856817e+01
  -1.0056106e+01  -1.4658899e+01  -1.8070899e+01  -2.1944849e+01  -2.5358273e+01  -2.8206248e+01  -3.0863342e+01  -3.4591509e+01
  -1.0424401e+01  -1.5072756e+01  -1.8370851e+01  -2.2203035e+01  -2.5624053e+01  -2.8473927e+01  -3.1208856e+01  -3.5519840e+01
  -1.0832563e+01  -1.5422067e+01  -1.8858747e+01  -2.2449831e+01  -2.5830982e+01  -2.8734011e+01  -3.1636002e+01  -3.6577265e+01
  -1.1212249e+01  -1.5843518e+01  -1.9143512e+01  -2.2692830e+01  -2.6233449e+01  -2.9060541e+01  -3.2180851e+01  -3.7771376e+01
  -1.1542575e+01  -1.6179540e+01  -1.9511807e+01  -2.2899759e+01  -2.6440377e+01  -2.9332016e+01  -3.2765567e+01  -3.9058511e+01
  -1.1741910e+01  -1.6494679e+01  -1.9732024e+01  -2.3188320e+01  -2.6719446e+01  -2.9595898e+01  -3.3416728e+01  -4.0556371e+01
  -1.1967823e+01  -1.6823107e+01  -1.9982617e+01  -2.3442709e+01  -2.6918781e+01  -2.9911037e+01  -3.4028022e+01  -4.2177628e+01
  -1.2286759e+01  -1.7041427e+01  -2.0250295e+01  -2.3670521e+01  -2.7237717e+01  -3.0125559e+01  -3.4810174e+01  -4.4051377e+01
  -1.2605695e+01  -1.7373652e+01  -2.0476208e+01  -2.3847074e+01  -2.7585130e+01  -3.0547010e+01  -3.5916958e+01  -4.6063711e+01
  -1.2882866e+01  -1.7565393e+01  -2.0734395e+01  -2.4114753e+01  -2.7812941e+01  -3.0886829e+01  -3.6961094e+01  -4.8410168e+01
  -1.3237872e+01  -1.7783712e+01  -2.1078010e+01  -2.4234354e+01  -2.8249580e+01  -3.1287397e+01  -3.8176088e+01  -5.1022405e+01
  -1.3581487e+01  -1.8030508e+01  -2.1421626e+01  -2.4521017e+01  -2.8634961e+01  -3.1754411e+01  -3.9588518e+01  -5.3852962e+01
  -1.3983954e+01  -1.8193773e+01  -2.1649437e+01  -2.4701367e+01  -2.9014646e+01  -3.2253697e+01  -4.1162315e+01  -5.6810713e+01
  -1.4152914e+01  -1.8419686e+01  -2.1837382e+01  -2.4912093e+01  -2.9437996e+01  -3.2849804e+01  -4.2891783e+01  -6.0138657e+01
  -1.4375030e+01  -1.8605732e+01  -2.2067091e+01  -2.5212045e+01  -2.9690487e+01  -3.3499066e+01  -4.4727564e+01  -6.3762756e+01
  -1.4623724e+01  -1.8918972e+01  -2.2268325e+01  -2.5426567e+01  -2.9980946e+01  -3.4252742e+01  -4.6756983e+01  -6.7806408e+01
  -1.4898997e+01  -1.9146784e+01  -2.2496136e+01  -2.5656277e+01  -3.0343546e+01  -3.5124121e+01  -4.9033199e+01  -7.2144316e+01
  -1.5235018e+01  -1.9353713e+01  -2.2864431e+01  -2.5988502e+01  -3.0818153e+01  -3.6134085e+01  -5.1578991e+01  -7.6924558e+01
  -1.5536868e+01  -1.9608102e+01  -2.3124516e+01  -2.6313133e+01  -3.1165566e+01  -3.7219986e+01  -5.4400055e+01  -8.2078789e+01
  -1.5711524e+01  -1.9765672e+01  -2.3405483e+01  -2.6696616e+01  -3.1744586e+01  -3.8397011e+01  -5.7306548e+01  -8.7578535e+01
  -1.5874789e+01  -1.9968803e+01  -2.3648482e+01  -2.6998466e+01  -3.2314115e+01  -3.9724013e+01  -6.0547165e+01  -9.3655402e+01
  -1.6024765e+01  -2.0194716e+01  -2.3923754e+01  -2.7385745e+01  -3.2870354e+01  -4.1202888e+01  -6.4030781e+01  -1.0025813e+02
  -1.6201318e+01  -2.0462395e+01  -2.4094613e+01  -2.7761634e+01  -3.3500632e+01  -4.2784279e+01  -6.7797262e+01  -1.0736205e+02
  -1.6309529e+01  -2.0667425e+01  -2.4434431e+01  -2.8234342e+01  -3.4197356e+01  -4.4508052e+01  -7.1821930e+01  -1.1508675e+02
  -1.6486083e+01  -2.0851573e+01  -2.4770453e+01  -2.8798176e+01  -3.5102906e+01  -4.6258403e+01  -7.6194010e+01  -1.2336959e+02
  -1.6626566e+01  -2.1113556e+01  -2.5083694e+01  -2.9344923e+01  -3.6040730e+01  -4.8266940e+01  -8.0922994e+01  -1.3255609e+02
  -1.6820206e+01  -2.1212274e+01  -2.5421614e+01  -2.9787257e+01  -3.7157005e+01  -5.0364703e+01  -8.5864601e+01  -1.4246398e+02
  -1.7074596e+01  -2.1525515e+01  -2.5888628e+01  -3.0398551e+01  -3.8328336e+01  -5.2585864e+01  -9.1197286e+01  -1.5333817e+02
  -1.7213181e+01  -2.1778005e+01  -2.6209462e+01  -3.1023134e+01  -3.9497767e+01  -5.4875368e+01  -9.6947624e+01  -1.6515778e+02
  -1.7475164e+01  -2.2098840e+01  -2.6611929e+01  -3.1659107e+01  -4.0754527e+01  -5.7373700e+01  -1.0300361e+02  -1.7823605e+02
  -1.7775116e+01  -2.2429166e+01  -2.7058059e+01  -3.2338745e+01  -4.2058747e+01  -5.9959359e+01  -1.0947345e+02  -1.9300582e+02
  -1.7938380e+01  -2.2746204e+01  -2.7604807e+01  -3.3238600e+01  -4.3480670e+01  -6.2698791e+01  -1.1644258e+02  -2.0924117e+02
  -1.8141512e+01  -2.3002492e+01  -2.8033852e+01  -3.4087197e+01  -4.4917780e+01  -6.5609081e+01  -1.2389771e+02  -2.2752302e+02
  -1.8418683e+01  -2.3226506e+01  -2.8648942e+01  -3.4968068e+01  -4.6438421e+01  -6.8699722e+01  -1.3179896e+02  -2.4834687e+02
  -1.8553471e+01  -2.3672637e+01  -2.9146331e+01  -3.5888805e+01  -4.8086257e+01  -7.1999190e+01  -1.4030961e+02  -2.7217592e+02
  -1.8872407e+01  -2.4073205e+01  -2.9649414e+01  -3.6771575e+01  -4.9715108e+01  -7.5499891e+01  -1.4942396e+02  -2.9961388e+02
  -1.9094523e+01  -2.4333290e+01  -3.0298677e+01  -3.7673328e+01  -5.1471154e+01  -7.9038561e+01  -1.5917619e+02  -3.3119991e+02
  -1.9333725e+01  -2.4692093e+01  -3.0934650e+01  -3.8821877e+01  -5.3329716e+01  -8.2768972e+01  -1.6974283e+02  -3.6820404e+02
  -1.9536857e+01  -2.4866749e+01  -3.1492788e+01  -3.9888794e+01  -5.5292690e+01  -8.6786046e+01  -1.8102709e+02  -4.1131162e+02
  -1.9730497e+01  -2.5229348e+01  -3.2149644e+01  -4.1016460e+01  -5.7360079e+01  -9.0898041e+01  -1.9319031e+02  -4.6161802e+02
  -1.9886168e+01  -2.5495128e+01  -3.2865352e+01  -4.2275118e+01  -5.9617310e+01  -9.5173301e+01  -2.0631224e+02  -5.1992060e+02
  -1.9988683e+01  -2.5743823e+01  -3.3571567e+01  -4.3626799e+01  -6.1904915e+01  -9.9636504e+01  -2.2047451e+02  -5.8672623e+02
  -2.0205104e+01  -2.6002009e+01  -3.4213236e+01  -4.4828504e+01  -6.4266560e+01  -1.0431043e+02  -2.3581190e+02  -6.6274494e+02
  -2.0290533e+01  -2.6339929e+01  -3.4923248e+01  -4.6172591e+01  -6.6757298e+01  -1.0906789e+02  -2.5235290e+02  -7.4782484e+02
  -2.0356978e+01  -2.6732904e+01  -3.5600987e+01  -4.7505288e+01  -6.9291699e+01  -1.1396204e+02  -2.7034619e+02  -8.4164322e+02
  -2.0599977e+01  -2.6960715e+01  -3.6453381e+01  -4.8968976e+01  -7.1902038e+01  -1.1900427e+02  -2.8971204e+02  -9.4338187e+02
  -2.0835382e+01  -2.7262565e+01  -3.7226042e+01  -5.0445953e+01  -7.4518072e+01  -1.2423254e+02  -3.1060613e+02  -1.0515695e+03
  -2.1000546e+01  -2.7600486e+01  -3.8006296e+01  -5.1985578e+01  -7.7282183e+01  -1.2949118e+02  -3.3304553e+02  -1.1647310e+03
  -2.1055600e+01  -2.7913726e+01  -3.8746683e+01  -5.3468251e+01  -8.0025411e+01  -1.3505737e+02  -3.5701317e+02  -1.2800796e+03
  -2.1112553e+01  -2.8329482e+01  -3.9574397e+01  -5.5047743e+01  -8.2711687e+01  -1.4049257e+02  -3.8253372e+02  -1.3951055e+03
  -2.1199881e+01  -2.8703473e+01  -4.0335667e+01  -5.6591165e+01  -8.5546040e+01  -1.4614039e+02  -4.0922750e+02  -1.5066934e+03
  -2.1260630e+01  -2.9090752e+01  -4.1005812e+01  -5.7921964e+01  -8.8232315e+01  -1.5178062e+02  -4.3701856e+02  -1.6116197e+03
  -2.1317583e+01  -2.9386907e+01  -4.1681653e+01  -5.9247066e+01  -9.0945169e+01  -1.5744743e+02  -4.6551964e+02  -1.7069608e+03
  -2.1334669e+01  -2.9852022e+01  -4.2420141e+01  -6.0612036e+01  -9.3578289e+01  -1.6303829e+02  -4.9426941e+02  -1.7893167e+03
  -2.1325177e+01  -3.0034271e+01  -4.3735752e+01  -6.2871166e+01  -9.6558821e+01  -1.6856841e+02  -5.2640788e+02  -1.9572863e+03
  -2.1450473e+01  -3.0813892e+01  -4.3979384e+01  -6.3636865e+01  -9.9371024e+01  -1.7461744e+02  -5.5691053e+02  -2.0082195e+03
  -2.1358589e+01  -3.0978169e+01  -4.4479177e+01  -6.4633666e+01  -1.0172520e+02  -1.8011655e+02  -5.8531795e+02  -2.0279162e+03
  -2.1425414e+01  -3.1487707e+01  -4.4884301e+01  -6.5882452e+01  -1.0418101e+02  -1.8549593e+02  -6.1201438e+02  -2.0380986e+03
  -2.1684359e+01  -3.1792595e+01  -4.5473194e+01  -6.6826351e+01  -1.0630269e+02  -1.9046184e+02  -6.3554499e+02  -2.0236686e+03
  -2.1818009e+01  -3.2093306e+01  -4.6066263e+01  -6.8162844e+01  -1.0844526e+02  -1.9523980e+02  -6.5499096e+02  -1.9848516e+03
  -2.1951658e+01  -3.2573608e+01  -4.6567448e+01  -6.9495161e+01  -1.1030800e+02  -1.9965023e+02  -6.6960884e+02  -1.9227378e+03
  -2.2156309e+01  -3.2782435e+01  -4.6993455e+01  -7.0543473e+01  -1.1238791e+02  -2.0379753e+02  -6.7833780e+02  -1.8404429e+03
  -2.2173015e+01  -3.2749023e+01  -4.7440345e+01  -7.1295251e+01  -1.1421724e+02  -2.0732253e+02  -6.8000424e+02  -1.7413458e+03
  -2.2164662e+01  -3.2903555e+01  -4.7674231e+01  -7.2297621e+01  -1.1593380e+02  -2.1055935e+02  -6.7419468e+02  -1.6288545e+03
  -2.1980894e+01  -3.2970380e+01  -4.7991648e+01  -7.2894866e+01  -1.1737888e+02  -2.1319057e+02  -6.6053322e+02  -1.5064440e+03
  -2.1838892e+01  -3.2957850e+01  -4.8279830e+01  -7.3341756e+01  -1.1879055e+02  -2.1517025e+02  -6.3886117e+02  -1.3777061e+03
  -2.1801303e+01  -3.2995439e+01  -4.8647366e+01  -7.4047591e+01  -1.1995163e+02  -2.1654433e+02  -6.1007647e+02  -1.2454684e+03
  -2.1801303e+01  -3.2991263e+01  -4.8701661e+01  -7.4552953e+01  -1.2069923e+02  -2.1724181e+02  -5.7643445e+02  -1.1125875e+03
  -2.1663477e+01  -3.2832554e+01  -4.8751779e+01  -7.4816075e+01  -1.2124636e+02  -2.1688681e+02  -5.3856160e+02  -9.8225017e+02
  -2.1671830e+01  -3.2569432e+01  -4.8672425e+01  -7.5175258e+01  -1.2171413e+02  -2.1517025e+02  -4.9859213e+02  -8.5671175e+02
  -2.1676006e+01  -3.2561079e+01  -4.8593071e+01  -7.5279671e+01  -1.2143430e+02  -2.1185408e+02  -4.5786253e+02  -7.3827344e+02
  -2.1488062e+01  -3.2243662e+01  -4.8217182e+01  -7.4853664e+01  -1.2037763e+02  -2.0686311e+02  -4.1752970e+02  -6.2970433e+02
  -2.1521474e+01  -3.2214426e+01  -4.7962413e+01  -7.4348303e+01  -1.1876131e+02  -2.0063171e+02  -3.7841224e+02  -5.3295899e+02
  -2.1300117e+01  -3.1846890e+01  -4.7394403e+01  -7.3366815e+01  -1.1639739e+02  -1.9287170e+02  -3.4195523e+02  -4.4864721e+02
  -2.1062055e+01  -3.1441765e+01  -4.6559095e+01  -7.1963497e+01  -1.1302274e+02  -1.8434321e+02  -3.0799161e+02  -3.7734117e+02
  -2.0849051e+01  -3.0723400e+01  -4.5652785e+01  -7.0096583e+01  -1.0937245e+02  -1.7528847e+02  -2.7697246e+02  -3.1872763e+02
  -2.0347866e+01  -2.9984152e+01  -4.4554355e+01  -6.7924781e+01  -1.0522932e+02  -1.6574507e+02  -2.4925277e+02  -2.7096055e+02
  -1.9997036e+01  -2.8885721e+01  -4.3313922e+01  -6.5552506e+01  -1.0058501e+02  -1.5603879e+02  -2.2456942e+02  -2.3223150e+02
  -1.9633677e+01  -2.7952960e+01  -4.2287884e+01  -6.3045188e+01  -9.5953224e+01  -1.4621696e+02  -2.0077010e+02  -1.9733233e+02
  -2.0155745e+01  -2.6755685e+01  -4.0791290e+01  -6.1012605e+01  -9.0419305e+01  -1.3688935e+02  -1.8100810e+02  -1.7093660e+02
  -1.8399699e+01  -2.5984923e+01  -3.8144881e+01  -5.6689884e+01  -8.5261275e+01  -1.2890646e+02  -1.7287524e+02  -1.6668981e+02
  -1.7875732e+01  -2.5009131e+01  -3.6366054e+01  -5.3711250e+01  -8.0236137e+01  -1.2019268e+02  -1.5601910e+02  -1.4505153e+02
  -1.7256845e+01  -2.3972589e+01  -3.4479016e+01  -5.0533281e+01  -7.5201506e+01  -1.1175797e+02  -1.4089812e+02  -1.2676018e+02
  -1.6639856e+01  -2.2877196e+01  -3.2612861e+01  -4.7332531e+01  -7.0117515e+01  -1.0363839e+02  -1.2716490e+02  -1.1092160e+02
  -1.6184233e+01  -2.1745732e+01  -3.0490418e+01  -4.4129882e+01  -6.5027829e+01  -9.5816867e+01  -1.1472070e+02  -9.7087758e+01
  -1.5510291e+01  -2.0657933e+01  -2.8354686e+01  -4.0782953e+01  -6.0152666e+01  -8.8253530e+01  -1.0325800e+02  -8.4740383e+01
  -1.4849637e+01  -1.9480907e+01  -2.6247430e+01  -3.7591695e+01  -5.5336354e+01  -8.1045199e+01  -9.2554661e+01  -7.3816829e+01
  -1.4179492e+01  -1.8252624e+01  -2.4090816e+01  -3.4368164e+01  -5.0725072e+01  -7.4076070e+01  -8.2747382e+01  -6.3908934e+01
  -1.3554909e+01  -1.6974982e+01  -2.1943693e+01  -3.1173109e+01  -4.6216305e+01  -6.7572055e+01  -7.3629232e+01  -5.4830651e+01
  -1.2890459e+01  -1.5670761e+01  -1.9779485e+01  -2.8052093e+01  -4.1865107e+01  -6.1295852e+01  -6.4998979e+01  -4.6433903e+01
  -1.2222212e+01  -1.4391220e+01  -1.7662737e+01  -2.4976639e+01  -3.7658190e+01  -5.5304413e+01  -5.7204032e+01  -3.8697808e+01
  -1.1470435e+01  -1.3092695e+01  -1.5564974e+01  -2.2015091e+01  -3.3591757e+01  -4.9573058e+01  -4.9765991e+01  -3.1516054e+01
  -1.0752829e+01  -1.1720132e+01  -1.3548843e+01  -1.9142769e+01  -2.9703776e+01  -4.4031546e+01  -4.2787369e+01  -2.4786126e+01
  -1.0040918e+01  -1.0484255e+01  -1.1576375e+01  -1.6456493e+01  -2.5906919e+01  -3.8753916e+01  -3.6163753e+01  -1.8642812e+01
  -9.3726712e+00  -9.2047138e+00  -9.5013932e+00  -1.3772115e+01  -2.2241054e+01  -3.3711690e+01  -3.0054611e+01  -1.3084214e+01
  -8.5924171e+00  -7.8872045e+00  -7.6618160e+00  -1.1249103e+01  -1.8859953e+01  -2.8891581e+01  -2.4146702e+01  -7.8806212e+00
  -7.8178582e+00  -6.5431171e+00  -5.8659027e+00  -8.7906385e+00  -1.5545297e+01  -2.4360032e+01  -1.8766556e+01  -3.1345501e+00
  -7.0527916e+00  -5.3129354e+00  -4.1231453e+00  -6.3948217e+00  -1.2340749e+01  -2.0001240e+01  -1.3741416e+01   1.2356323e+00
  -6.3275919e+00  -4.0960427e+00  -2.4772078e+00  -4.0388719e+00  -9.2842797e+00  -1.5889244e+01  -8.9934463e+00   5.2451133e+00
  -5.6460561e+00  -2.9702746e+00  -8.6544201e-01  -1.8461869e+00  -6.4423322e+00  -1.1938615e+01  -4.4808817e+00   8.9394553e+00
  -4.9759108e+00  -1.8008426e+00   7.5581597e-01   2.3449075e-01  -3.6022832e+00  -8.0582271e+00  -4.0115890e-01   1.2187667e+01
  -4.2450158e+00  -7.5670691e-01   2.3485975e+00   2.1708878e+00  -9.0841307e-01  -4.5024705e+00   3.5627598e+00   1.5173895e+01
  -3.5957532e+00   3.3299108e-01   3.8198796e+00   4.0161604e+00   1.6354812e+00  -1.0492291e+00   7.1375008e+00   1.7846882e+01
  -2.8515693e+00   1.3201739e+00   5.1943419e+00   5.8481440e+00   3.9667515e+00   2.0926701e+00   1.0378118e+01   2.0130692e+01
  -2.2023067e+00   2.4231609e+00   6.4207268e+00   7.6193778e+00   6.1100774e+00   5.0466249e+00   1.3379534e+01   2.2127839e+01
  -1.5397551e+00   3.3875627e+00   7.7268457e+00   9.1153396e+00   8.1869583e+00   7.8297212e+00   1.6033537e+01   2.3993994e+01
  -9.0188314e-01   4.2361602e+00   8.9798086e+00   1.0616997e+01   1.0184105e+01   1.0398295e+01   1.8417964e+01   2.5545010e+01
  -2.6970643e-01   5.1018437e+00   1.0132155e+01   1.2000951e+01   1.2065448e+01   1.2832081e+01   2.0585969e+01   2.6849231e+01
   3.7006400e-01   6.0795344e+00   1.1238939e+01   1.3360226e+01   1.3749354e+01   1.5041852e+01   2.2476804e+01   2.8073717e+01
   9.7566272e-01   6.8578902e+00   1.2254598e+01   1.4569525e+01   1.5342136e+01   1.7073170e+01   2.4113250e+01   2.9148228e+01
   1.5983473e+00   7.7140815e+00   1.3217101e+01   1.5776926e+01   1.6970988e+01   1.8924138e+01   2.5525681e+01   2.9991130e+01
   2.2172350e+00   8.4316875e+00   1.4086582e+01   1.6957748e+01   1.8337856e+01   2.0568177e+01   2.6676128e+01   3.0742908e+01
   2.8190369e+00   9.1492935e+00   1.4840258e+01   1.7999986e+01   1.9594616e+01   2.2145772e+01   2.7748741e+01   3.1348507e+01
   3.4379246e+00   9.8915792e+00   1.5630004e+01   1.9011848e+01   2.0769743e+01   2.3396836e+01   2.8652393e+01   3.1823114e+01
   4.0264374e+00   1.0599693e+01   1.6338118e+01   1.9794001e+01   2.1819575e+01   2.4640307e+01   2.9352913e+01   3.2309112e+01
   4.5712864e+00   1.1351471e+01   1.7106982e+01   2.0517302e+01   2.2842828e+01   2.5750888e+01   2.9924340e+01   3.2800805e+01
   5.2015647e+00   1.2012124e+01   1.7632846e+01   2.1297556e+01   2.3735089e+01   2.6683016e+01   3.0381861e+01   3.3182389e+01
   5.7995697e+00   1.2648098e+01   1.8192883e+01   2.1969600e+01   2.4433711e+01   2.7448083e+01   3.0829890e+01   3.3594348e+01
   6.3349266e+00   1.3255595e+01   1.8775700e+01   2.2603675e+01   2.5065888e+01   2.8122025e+01   3.1266529e+01   3.4036682e+01
   6.9101505e+00   1.3840311e+01   1.9288276e+01   2.3095368e+01   2.5736033e+01   2.8645992e+01   3.1627231e+01   3.4477118e+01
   7.5214445e+00   1.4364277e+01   1.9842617e+01   2.3571874e+01   2.6328343e+01   2.9000998e+01   3.1968948e+01   3.4845413e+01
   8.0131375e+00   1.4865462e+01   2.0340006e+01   2.3957255e+01   2.6730810e+01   2.9374988e+01   3.2308766e+01   3.5331410e+01
   8.4877446e+00   1.5440686e+01   2.0666535e+01   2.4342636e+01   2.7137073e+01   2.9692026e+01   3.2604921e+01   3.5887650e+01
   8.9072973e+00   1.6029199e+01   2.1087987e+01   2.4841923e+01   2.7444619e+01   2.9974892e+01   3.2832733e+01   3.6498944e+01
   9.4122793e+00   1.6543673e+01   2.1387938e+01   2.5234898e+01   2.7659141e+01   3.0242570e+01   3.3231403e+01   3.7060879e+01
   9.7331137e+00   1.6982210e+01   2.1737249e+01   2.5633568e+01   2.8067303e+01   3.0476077e+01   3.3567425e+01   3.7776587e+01
   1.0090018e+01   1.7341013e+01   2.2040998e+01   2.6053120e+01   2.8315997e+01   3.0648834e+01   3.3977485e+01   3.8611896e+01
   1.0445024e+01   1.7737785e+01   2.2447261e+01   2.6330291e+01   2.8519129e+01   3.0791216e+01   3.4596373e+01   3.9657930e+01
   1.0762062e+01   1.8197205e+01   2.2771893e+01   2.6561899e+01   2.8906409e+01   3.0998145e+01   3.5093762e+01   4.0825464e+01
   1.1194904e+01   1.8442102e+01   2.3068048e+01   2.6871343e+01   2.9179783e+01   3.1262026e+01   3.5760110e+01   4.2123989e+01
   1.1568894e+01   1.8761038e+01   2.3362304e+01   2.7182685e+01   2.9394305e+01   3.1613236e+01   3.6456833e+01   4.3500350e+01
   1.1889729e+01   1.9095161e+01   2.3647068e+01   2.7440872e+01   2.9633507e+01   3.1992922e+01   3.7218103e+01   4.5138694e+01
   1.2231446e+01   1.9433082e+01   2.3876778e+01   2.7640207e+01   2.9931560e+01   3.2319451e+01   3.7977475e+01   4.6851077e+01
   1.2582655e+01   1.9634315e+01   2.4300128e+01   2.7843338e+01   3.0203036e+01   3.2664965e+01   3.9000728e+01   4.8779881e+01
   1.2964239e+01   1.9841244e+01   2.4611470e+01   2.7938260e+01   3.0518175e+01   3.3095909e+01   4.0128395e+01   5.0978261e+01
   1.3252801e+01   2.0082344e+01   2.4875352e+01   2.8122407e+01   3.0844705e+01   3.3655945e+01   4.1250366e+01   5.3565820e+01
   1.3657166e+01   2.0296867e+01   2.5135437e+01   2.8316047e+01   3.1038344e+01   3.4272935e+01   4.2662797e+01   5.6326135e+01
   1.4067226e+01   2.0444944e+01   2.5406912e+01   2.8390086e+01   3.1254765e+01   3.4815885e+01   4.4189134e+01   5.9430067e+01
   1.4469693e+01   2.0613904e+01   2.5560685e+01   2.8625491e+01   3.1674318e+01   3.5520202e+01   4.5846462e+01   6.2647904e+01
   1.4822801e+01   2.0807544e+01   2.5649911e+01   2.8902662e+01   3.1898333e+01   3.6232113e+01   4.7699329e+01   6.6207458e+01
   1.5031628e+01   2.1135972e+01   2.5782801e+01   2.9026060e+01   3.2325479e+01   3.6961110e+01   4.9628133e+01   7.0082152e+01
   1.5219573e+01   2.1244183e+01   2.5987831e+01   2.9267160e+01   3.2765914e+01   3.7718583e+01   5.1826514e+01   7.4423859e+01
   1.5377142e+01   2.1466299e+01   2.6078956e+01   2.9483581e+01   3.3227233e+01   3.8701969e+01   5.4319151e+01   7.9122472e+01
   1.5612547e+01   2.1639056e+01   2.6215643e+01   2.9787330e+01   3.3665770e+01   3.9772683e+01   5.7028209e+01   8.4289995e+01
   1.5732148e+01   2.1866867e+01   2.6331447e+01   3.0051211e+01   3.4187838e+01   4.0915537e+01   5.9930907e+01   8.9791644e+01
   1.5923890e+01   2.2068101e+01   2.6458642e+01   3.0322687e+01   3.4745976e+01   4.2083071e+01   6.3070909e+01   9.5853329e+01
   1.6146006e+01   2.2073796e+01   2.6671266e+01   3.0510631e+01   3.5338286e+01   4.3298065e+01   6.6480487e+01   1.0242000e+02
   1.6311169e+01   2.2284522e+01   2.6916163e+01   3.0814380e+01   3.6107149e+01   4.4640255e+01   7.0176728e+01   1.0949734e+02
   1.6442161e+01   2.2544606e+01   2.7087021e+01   3.1290885e+01   3.6938661e+01   4.6236833e+01   7.4106477e+01   1.1712903e+02
   1.6499114e+01   2.2753433e+01   2.7366090e+01   3.1666774e+01   3.7675251e+01   4.7971997e+01   7.8353263e+01   1.2543845e+02
   1.6673769e+01   2.2945175e+01   2.7645159e+01   3.2055952e+01   3.8616872e+01   4.9813473e+01   8.2979735e+01   1.3451674e+02
   1.6958533e+01   2.3036299e+01   2.7924229e+01   3.2629277e+01   3.9585071e+01   5.1846691e+01   8.7982095e+01   1.4440756e+02
   1.7178751e+01   2.3302079e+01   2.8176720e+01   3.3132361e+01   4.0682363e+01   5.4035579e+01   9.3271120e+01   1.5517356e+02
   1.7518570e+01   2.3497617e+01   2.8467179e+01   3.3692398e+01   4.1709413e+01   5.6199788e+01   9.8981595e+01   1.6698749e+02
   1.7761569e+01   2.3641898e+01   2.8858255e+01   3.4231551e+01   4.2969970e+01   5.8572825e+01   1.0503758e+02   1.8010944e+02
   1.8093794e+01   2.3778585e+01   2.9179090e+01   3.4793486e+01   4.4192558e+01   6.1065462e+01   1.1150743e+02   1.9474443e+02
   1.8374761e+01   2.3854522e+01   2.9511315e+01   3.5537670e+01   4.5586005e+01   6.3850457e+01   1.1841392e+02   2.1095513e+02
   1.8558909e+01   2.4108912e+01   2.9866321e+01   3.6302737e+01   4.7074373e+01   6.6774038e+01   1.2587095e+02   2.2922563e+02
   1.8839876e+01   2.4332926e+01   3.0096031e+01   3.7073499e+01   4.8528569e+01   6.9762165e+01   1.3388232e+02   2.4983119e+02
   1.9054399e+01   2.4378488e+01   3.0422561e+01   3.7728457e+01   5.0176406e+01   7.3059737e+01   1.4232274e+02   2.7350843e+02
   1.9388522e+01   2.4570230e+01   3.0769973e+01   3.8577055e+01   5.1866007e+01   7.6482605e+01   1.5136876e+02   3.0076800e+02
   1.9570771e+01   2.4606300e+01   3.1128776e+01   3.9448434e+01   5.3532828e+01   8.0112401e+01   1.6089698e+02   3.3235791e+02
   1.9686575e+01   2.4830315e+01   3.1605282e+01   4.0266657e+01   5.5336336e+01   8.3821932e+01   1.7131746e+02   3.6911536e+02
   1.9857434e+01   2.4948017e+01   3.2002053e+01   4.1295605e+01   5.7185405e+01   8.7651063e+01   1.8242897e+02   4.1198198e+02
   1.9992222e+01   2.5120774e+01   3.2402622e+01   4.2275194e+01   5.9245201e+01   9.1721295e+01   1.9433023e+02   4.6193736e+02
   2.0149792e+01   2.5291633e+01   3.2740542e+01   4.3315533e+01   6.1253739e+01   9.5962386e+01   2.0725095e+02   5.1982254e+02
   2.0295971e+01   2.5519444e+01   3.3110736e+01   4.4371060e+01   6.3461612e+01   1.0043698e+02   2.2119112e+02   5.8625830e+02
   2.0356721e+01   2.5792818e+01   3.3511304e+01   4.5341157e+01   6.5589751e+01   1.0494006e+02   2.3624568e+02   6.6172877e+02
   2.0514290e+01   2.5992153e+01   3.3909974e+01   4.6337832e+01   6.7795725e+01   1.0953805e+02   2.5245258e+02   7.4628712e+02
   2.0575040e+01   2.6189589e+01   3.4483300e+01   4.7543335e+01   7.0145981e+01   1.1443410e+02   2.6988017e+02   8.3964100e+02
   2.0774375e+01   2.6434487e+01   3.4988282e+01   4.8621642e+01   7.2494337e+01   1.1933395e+02   2.8895371e+02   9.4070643e+02
   2.0918656e+01   2.6711657e+01   3.5508451e+01   4.9701848e+01   7.4819913e+01   1.2421481e+02   3.0932578e+02   1.0483956e+03
   2.1178740e+01   2.7072359e+01   3.6030519e+01   5.0840906e+01   7.7285972e+01   1.2925324e+02   3.3141213e+02   1.1606070e+03
   2.1294545e+01   2.7345733e+01   3.6448174e+01   5.1951486e+01   7.9733047e+01   1.3442836e+02   3.5476854e+02   1.2751840e+03
   2.1526153e+01   2.7579239e+01   3.6956952e+01   5.3018404e+01   8.2111779e+01   1.3971739e+02   3.7968356e+02   1.3894592e+03
   2.1634363e+01   2.7750098e+01   3.7496106e+01   5.4172648e+01   8.4382300e+01   1.4500262e+02   4.0579081e+02   1.5002395e+03
   2.1763456e+01   2.7941839e+01   3.8021971e+01   5.5287026e+01   8.6817985e+01   1.5032202e+02   4.3284347e+02   1.6044683e+03
   2.1890651e+01   2.8148768e+01   3.8564922e+01   5.6528599e+01   8.9050538e+01   1.5562243e+02   4.6048466e+02   1.6990227e+03
   2.2021643e+01   2.8332916e+01   3.9100279e+01   5.7599312e+01   9.1345738e+01   1.6094563e+02   4.8844288e+02   1.7808081e+03
   2.2139345e+01   2.8505673e+01   3.9599565e+01   5.8622566e+01   9.3635244e+01   1.6624795e+02   5.1594359e+02   1.8467282e+03
   2.2243759e+01   2.8659445e+01   4.0083665e+01   5.9507234e+01   9.5810844e+01   1.7136991e+02   5.4255963e+02   1.8945712e+03
   2.2293118e+01   2.8854983e+01   4.0489929e+01   6.0610221e+01   9.7874436e+01   1.7639695e+02   5.6742912e+02   1.9228677e+03
   2.2213384e+01   2.8900546e+01   4.0856325e+01   6.1620185e+01   9.9936130e+01   1.8137843e+02   5.9024071e+02   1.9307425e+03
   2.2135548e+01   2.8999264e+01   4.1199941e+01   6.2635845e+01   1.0186304e+02   1.8600111e+02   6.0981546e+02   1.9179621e+03
   2.2570289e+01   2.8667039e+01   4.1925141e+01   6.2571298e+01   1.0452084e+02   1.9188814e+02   6.4845430e+02   1.9966002e+03
   2.2417149e+01   2.9196068e+01   4.2217499e+01   6.4067893e+01   1.0614969e+02   1.9634312e+02   6.6172880e+02   1.9242472e+03
   2.2140105e+01   2.9335286e+01   4.2301030e+01   6.5202521e+01   1.0765742e+02   1.9994888e+02   6.6710264e+02   1.8290469e+03
   2.2140105e+01   2.9585878e+01   4.2380384e+01   6.6100478e+01   1.0928627e+02   2.0337782e+02   6.6897791e+02   1.7305415e+03
   2.2119222e+01   2.9564996e+01   4.2330266e+01   6.6655958e+01   1.1066871e+02   2.0631393e+02   6.6339803e+02   1.6190137e+03
   2.2098339e+01   2.9740411e+01   4.2614271e+01   6.7098672e+01   1.1210962e+02   2.0881986e+02   6.4997875e+02   1.4978297e+03
   2.2503464e+01   2.9777999e+01   4.2831451e+01   6.7524679e+01   1.1314123e+02   2.1061995e+02   6.2873260e+02   1.3699007e+03
   2.2653820e+01   2.9744587e+01   4.3065337e+01   6.7574798e+01   1.1398907e+02   2.1200656e+02   6.0054502e+02   1.2385931e+03
   2.2774939e+01   2.9665233e+01   4.3232399e+01   6.7862979e+01   1.1447772e+02   2.1260799e+02   5.6732469e+02   1.1064294e+03
   2.3038061e+01   2.9844824e+01   4.3487168e+01   6.8263927e+01   1.1476173e+02   2.1200239e+02   5.3018259e+02   9.7690131e+02
   2.3000472e+01   2.9610938e+01   4.3428696e+01   6.8330752e+01   1.1488702e+02   2.1020647e+02   4.9112763e+02   8.5195926e+02
   2.2720644e+01   2.9706998e+01   4.3290870e+01   6.8113572e+01   1.1459466e+02   2.0700724e+02   4.5116219e+02   7.3458110e+02
   2.2549406e+01   2.9456406e+01   4.2965100e+01   6.7933981e+01   1.1371759e+02   2.0209144e+02   4.1173972e+02   6.2698456e+02
   2.2328049e+01   2.9251755e+01   4.2739567e+01   6.7416089e+01   1.1227668e+02   1.9566374e+02   3.7375399e+02   5.3118269e+02
   2.1689038e+01   2.8637803e+01   4.2079673e+01   6.6229951e+01   1.1014664e+02   1.8832972e+02   3.3810296e+02   4.4778943e+02
   2.1456544e+01   2.8124088e+01   4.1437877e+01   6.5272130e+01   1.0740265e+02   1.8009636e+02   3.0293502e+02   3.6886093e+02
   2.0398486e+01   2.7330545e+01   4.0358937e+01   6.3051601e+01   1.0393612e+02   1.7154836e+02   2.7216778e+02   3.0840537e+02
